10 -193 732
2 -383 659
4 -305 579
5 -435 766
5 -247 874
10 -244 839
2 -385 513
10 -308 759
0 -497 408
10 -307 716
8 -416 837
8 -225 667
3 -210 485
9 -465 466
1 -297 501
5 -298 879
6 -141 488
7 -490 875
4 -115 670
4 -144 464
6 -260 356
3 -266 621
1 -161 456
7 -212 324
6 -324 627
3 -380 738
2 -129 732
1 -198 349
8 -122 540
6 -423 453
10 -281 444
3 -271 666
3 -407 864
0 -249 390
7 -490 481
8 -135 774
0 -311 414
7 -140 497
10 -494 865
4 -311 557
9 -141 531
7 -322 512
5 -229 870
2 -390 797
5 -409 850
6 -240 500
2 -433 829
4 -264 506
1 -188 706
8 -221 722
0 -358 661
8 -161 847
4 -422 520
1 -120 834
8 -477 729
8 -455 719
9 -425 507
8 -177 737
5 -139 610
5 -354 501
9 -132 443
4 -339 851
7 -200 631
4 -362 473
1 -336 597
7 -251 723
3 -106 693
0 -263 639
4 -214 635
6 -467 542
7 -211 395
6 -133 363
3 -129 678
0 -197 497
7 -118 337
5 -347 381
10 -164 777
9 -193 546
0 -478 767
2 -118 514
8 -252 605
1 -370 718
9 -376 490
1 -285 324
2 -179 327
7 -422 710
4 -393 537
3 -165 341
10 -277 875
7 -113 476
1 -317 549
3 -324 861
6 -124 818
6 -327 311
7 -106 770
7 -320 562
0 -208 506
0 -340 719
0 -493 377
6 -490 768
7 -271 658
1 -193 550
3 -361 717
7 -106 860
3 -449 498
6 -216 392
9 -295 671
10 -307 898
2 -137 759
6 -247 834
1 -470 586
9 -125 781
8 -309 383
0 -264 543
5 -327 657
2 -431 555
10 -279 442
2 -414 346
9 -488 593
3 -396 702
9 -349 524
2 -405 751
1 -291 573
7 -197 671
3 -350 400
10 -186 740
10 -475 900
10 -234 511
6 -409 414
8 -125 382
9 -313 651
7 -306 455
3 -128 666
5 -453 632
10 -444 841
10 -130 584
3 -303 521
2 -153 474
2 -205 303
6 -379 681
7 -152 389
6 -117 666
5 -219 740
1 -467 490
3 -484 457
6 -170 536
10 -344 882
1 -417 673
9 -188 889
8 -474 643
0 -494 523
6 -409 743
4 -451 841
10 -458 796
3 -315 487
9 -289 719
0 -278 499
1 -305 555
1 -489 856
8 -314 563
6 -185 489
8 -234 489
4 -327 718
4 -198 753
3 -446 382
0 -120 358
5 -217 777
8 -320 422
10 -383 418
1 -212 895
5 -237 545
5 -213 747
8 -304 791
5 -402 756
3 -451 700
7 -302 676
0 -409 313
0 -274 382
6 -314 367
2 -419 740
1 -468 551
4 -227 859
9 -329 668
0 -227 881
3 -479 342
10 -265 484
7 -111 489
7 -103 380
9 -186 780
4 -276 417
9 -139 793
6 -309 398
4 -227 833
10 -306 604
4 -457 610
4 -302 342
0 -186 815
7 -386 696
1 -356 882
4 -152 516
3 -311 606
1 -271 509
4 -453 350
6 -171 557
9 -394 733
3 -242 314
6 -409 577
10 -293 358
3 -390 537
0 -355 881
7 -202 743
4 -263 605
2 -430 544
10 -313 353
0 -324 704
5 -293 652
10 -421 617
2 -277 846
4 -295 755
5 -103 313
0 -497 567
7 -129 765
7 -162 578
1 -352 590
2 -420 827
10 -218 352
3 -213 725
0 -274 744
1 -460 359
7 -310 371
8 -493 801
7 -427 808
0 -196 358
0 -304 857
0 -342 353
4 -374 564
5 -455 447
0 -401 399
4 -126 841
9 -439 573
6 -442 344
3 -449 666
2 -446 517
0 -318 365
9 -266 328
6 -346 667
7 -368 676
6 -300 416
5 -450 773
1 -199 736
3 -475 358
7 -454 394
8 -219 850
1 -192 328
2 -366 626
1 -112 480
8 -383 620
6 -260 447
7 -145 531
4 -193 391
5 -303 513
1 -391 804
7 -345 376
3 -189 721
1 -497 680
10 -114 849
4 -482 865
4 -224 530
6 -147 881
8 -439 515
7 -402 310
8 -222 803
7 -122 643
0 -223 808
3 -152 444
6 -191 329
3 -154 640
7 -261 837
3 -129 459
0 -400 400
0 -384 494
5 -460 465
10 -375 763
5 -256 395
10 -343 844
2 -424 850
5 -300 322
4 -473 343
6 -403 371
10 -319 605
3 -160 848
8 -388 731
5 -406 569
3 -379 779
4 -180 367
3 -467 431
8 -313 591
8 -349 898
0 -154 790
7 -322 819
1 -368 793
4 -175 484
10 -442 522
9 -353 313
10 -490 713
7 -281 490
6 -155 874
4 -439 471
2 -208 684
3 -315 363
10 -297 879
3 -345 383
8 -317 744
8 -233 309
5 -271 864
7 -194 895
8 -497 685
2 -403 891
8 -330 376
3 -193 562
0 -393 406
0 -384 389
3 -438 849
4 -158 766
8 -119 657
10 -100 859
0 -201 497
8 -240 787
9 -459 312
1 -233 382
6 -154 772
9 -410 413
3 -108 638
6 -404 615
6 -121 893
0 -245 681
0 -114 533
9 -282 545
2 -137 327
4 -318 849
1 -367 322
2 -177 354
2 -486 602
7 -491 646
1 -259 765
7 -163 873
9 -272 359
9 -269 560
8 -199 370
7 -414 463
9 -397 662
6 -164 467
9 -367 680
2 -184 544
7 -446 820
7 -480 631
8 -196 780
9 -381 332
6 -169 327
1 -183 308
6 -395 434
3 -184 717
3 -491 622
5 -339 319
4 -321 652
8 -169 608
2 -460 692
7 -315 786
0 -235 573
6 -422 770
7 -488 898
9 -416 740
7 -303 441
7 -274 558
3 -463 373
9 -139 374
0 -166 839
1 -446 328
6 -371 482
2 -277 494
5 -331 592
0 -494 401
1 -454 476
1 -143 814
0 -355 637
5 -130 771
8 -407 754
5 -381 304
7 -321 737
3 -121 407
2 -401 642
3 -352 455
1 -484 461
6 -104 428
3 -431 580
4 -346 357
6 -492 563
1 -336 840
2 -398 513
3 -326 415
3 -117 883
6 -152 507
3 -339 643
1 -142 384
10 -305 527
8 -486 359
7 -206 354
9 -179 545
4 -343 498
9 -316 508
4 -115 481
2 -130 857
2 -280 750
3 -175 697
10 -471 589
4 -402 854
0 -116 309
9 -225 546
6 -339 361
0 -169 524
10 -442 813
6 -457 338
0 -258 794
8 -429 446
8 -274 537
4 -179 700
1 -461 848
4 -228 317
9 -280 521
0 -161 836
6 -316 478
7 -179 886
8 -208 523
8 -282 538
8 -383 569
2 -444 509
7 -222 324
5 -480 652
4 -317 688
4 -325 374
10 -293 703
6 -396 678
3 -142 638
9 -117 488
5 -284 399
9 -315 764
8 -454 355
2 -151 511
5 -197 674
7 -165 495
8 -242 609
3 -338 608
4 -444 312
4 -342 776
7 -419 601
7 -303 505
2 -298 322
6 -324 784
6 -332 605
0 -336 434
4 -205 742
10 -468 344
9 -328 524
0 -214 837
9 -297 495
2 -442 320
2 -402 370
7 -178 742
6 -470 778
8 -450 893
6 -325 562
1 -265 822
3 -306 592
8 -189 738
6 -327 464
7 -259 880
4 -405 485
3 -267 488
1 -263 300
8 -197 776
0 -220 860
4 -200 592
9 -142 337
9 -438 393
6 -371 680
2 -481 579
9 -379 835
8 -320 692
0 -309 755
5 -390 311
7 -239 374
10 -433 830
4 -265 427
6 -125 628
5 -320 772
6 -246 703
7 -404 818
1 -252 820
2 -232 764
4 -165 560
5 -447 439
3 -248 491
4 -150 747
6 -332 755
8 -159 416
7 -343 311
10 -417 516
4 -381 535
9 -202 734
4 -239 560
3 -469 725
10 -442 830
8 -312 445
2 -132 519
5 -310 729
1 -162 694
5 -494 838
7 -405 470
9 -387 438
9 -173 688
4 -442 804
7 -455 879
9 -385 769
10 -339 514
10 -237 433
0 -297 633
0 -425 774
8 -159 713
0 -448 304
8 -308 405
7 -373 893
10 -243 310
1 -302 498
8 -352 707
8 -307 728
0 -118 644
5 -415 577
7 -228 621
5 -308 768
4 -212 472
3 -290 356
4 -118 671
7 -263 420
0 -304 770
4 -144 357
2 -153 497
10 -157 354
1 -225 404
7 -160 406
8 -268 553
5 -311 313
5 -269 497
0 -263 316
2 -282 616
1 -490 443
9 -422 346
9 -279 326
7 -289 721
3 -477 390
10 -498 530
8 -172 474
4 -370 611
2 -398 635
0 -233 640
9 -474 541
10 -343 327
2 -246 720
6 -198 462
3 -263 528
4 -358 338
0 -409 593
1 -274 690
7 -177 481
6 -112 319
1 -161 811
9 -500 497
3 -254 735
3 -124 377
7 -168 820
2 -457 606
10 -478 715
5 -306 407
4 -140 411
0 -143 494
5 -270 415
1 -327 774
6 -229 873
3 -456 482
4 -297 838
9 -210 861
2 -152 443
3 -331 803
6 -427 684
8 -293 662
5 -153 431
3 -133 316
8 -186 746
8 -350 858
2 -169 364
10 -129 832
10 -378 465
7 -188 794
5 -194 851
9 -243 523
2 -158 781
7 -162 640
0 -387 609
5 -403 762
1 -201 439
9 -493 820
1 -467 533
0 -231 521
8 -216 792
0 -325 572
0 -311 504
7 -336 676
0 -239 419
6 -136 892
9 -487 449
7 -365 803
8 -455 900
2 -317 510
1 -165 638
1 -349 440
4 -320 480
0 -383 603
8 -364 731
8 -297 627
0 -348 371
6 -444 616
7 -287 597
0 -359 671
6 -385 659
7 -269 347
5 -256 495
1 -291 737
8 -288 428
4 -449 429
4 -328 597
3 -135 407
9 -111 675
2 -482 456
1 -227 548
3 -255 583
7 -120 819
2 -250 868
0 -172 747
7 -386 304
3 -395 706
9 -286 576
8 -336 840
4 -468 745
6 -461 442
8 -297 326
7 -436 784
2 -299 815
5 -174 555
10 -363 663
1 -478 861
8 -408 867
3 -164 466
7 -226 579
1 -407 396
4 -396 548
9 -499 411
4 -420 750
9 -425 825
2 -371 324
3 -296 536
3 -364 564
10 -386 863
9 -103 376
4 -500 473
1 -100 767
0 -199 668
0 -337 495
6 -360 649
2 -249 514
1 -283 177